Ten sam node:
	throughput
		0:
1                 2327,552065            3,277862
2                 725,686550             21,026694
4                 693,760812             43,988616
8                 738,818198             82,611874
16                699,032098             174,627621
32                726,804137             335,909790
64                699,246302             698,296506
128               811,843202             1202,895458
256               735,139474             2656,808767
512               757,686794             5155,494370
1024              824,388117             9476,725638
2048              993,618742             15725,347505
4096              5241,995677            5961,470006
8192              5820,207298            10738,449131
16384             9972,397238            12534,598955
32768             17574,578524           14225,092207
65536             13379,557058           37370,444913
131072            18821,991980           53129,339395
262144            39181,560278           51044,419513
524288            70425,067097           56797,957956
1048576           135260,103270          59145,304540
2097152           264987,004921          60380,319423
4194304           529811,624438          60398,825779
8388608           1088732,220232         58783,968005
16777216          2252920,195460         56815,150514
33554432          5283554,298803         48452,232252
67108864          10660625,938326        48027,198681
134217728         21284085,968509        48111,062956
268435456         42313458,221033        48400,676430
536870912         84576943,805441        48429,274170
		1:
1                 2296,064049            3,322814
2                 1711,528748            8,915298
4                 1758,951694            17,349867
8                 1927,725971            31,661739
16                1653,051004            73,845460
32                1638,596877            148,993708
64                2010,110766            242,912609
128               1706,099138            572,394932
256               2005,305141            973,978952
512               1874,202862            2084,219419
1024              2274,466679            3434,871161
2048              2383,198589            6556,314724
4096              3197,584301            9773,002697
8192              4359,772429            14335,610636
16384             7167,737931            17439,253667
32768             12395,065278           20169,316934
65536             19615,991041           25489,408053
131072            39848,024026           25095,347246
262144            72756,819427           27488,832191
524288            133915,888146          29869,495363
1048576           257434,435189          31075,873723
2097152           507065,383717          31554,116123
4194304           1038163,043559         30823,674758
8388608           2573756,417260         24866,378019
16777216          6633133,487776         19297,063784
33554432          14674754,189327        17444,925939
67108864          31759762,298316        16121,027456
134217728         64114597,626030        15971,401801
268435456         129195567,332208       15851,937046
	latency:
		0:
706,605287
		1:
1690,338515
inne nody:
	throughput
		0:
1                 980613098,321483               0,000008
2                 980610579,187050               0,000016
4                 980610377,229750               0,000031
8                 980610400,941223               0,000062
16                980611451,817676               0,000124
32                980612264,806405               0,000249
64                980611277,054995               0,000498
128               980612251,088023               0,000996
256               980610158,238560               0,001992
512               980610863,864422               0,003983
1024              980617658,402771               0,007967
2048              980624005,794525               0,015934
4096              980624771,285802               0,031867
8192              980640578,093007               0,063734
16384             980644087,279215               0,127467
32768             980659075,109288               0,254931
65536             980687602,218240               0,509846
131072            980827824,352309               1,019547
262144            980950281,843543               2,038839
524288            981212128,801271               4,076590
1048576           981724132,746458               8,148929
2097152           993246094,416827               16,108797
4194304           984823620,300740               32,493128
8388608           1000029158,834368              63,998134
16777216          1023288499,629125              125,086913
33554432          1060567905,157804              241,380112
67108864          1140137997,334823              449,068447
134217728         1298072698,470205              788,861827
268435456         1600228872,131556              1279,816928
536870912         2226987544,661388              1839,255909
		1:
1                 980629799,691960               0,000008
2                 980631172,033027               0,000016
4                 980630610,613152               0,000031
8                 980608826,577663               0,000062
16                980609105,104352               0,000124
32                980608925,128241               0,000249
64                980608383,163227               0,000498
128               980607760,106448               0,000996
256               980607798,104409               0,001992
512               980607688,190187               0,003983
1024              980612463,699654               0,007967
2048              980629477,314251               0,015934
4096              980631016,325206               0,031867
8192              980643757,944227               0,063734
16384             980651582,134288               0,127466
32768             980670616,393209               0,254928
65536             980714358,827299               0,509832
131072            980861680,535200               1,019512
262144            980993161,816150               2,038720
524288            981272022,081539               4,076322
1048576           981829940,425232               8,148021
2097152           993177221,864462               16,109214
4194304           985136291,282251               32,482215
8388608           1000581575,563903              63,962801
16777216          1034322791,303439              123,753470
33554432          1083906618,413584              236,183708
67108864          1180787535,643068              433,603913
134217728         1383847130,463527              739,963126
268435456         1794525652,153280              1141,238662
	latency:
		0:
980666315,276874
		1:
980674656,082755

Global PI is 3,141621 | calculated in 31,754543
Global PI is 3,141638 | calculated in 16,094876
Global PI is 3,141604 | calculated in 10,584736
Global PI is 3,141644 | calculated in 8,383324
Global PI is 3,141620 | calculated in 6,417397
Global PI is 3,141596 | calculated in 5,323316
Global PI is 3,141671 | calculated in 4,816317
Global PI is 3,141608 | calculated in 4,223328
Global PI is 3,141564 | calculated in 3,551356
Global PI is 3,141564 | calculated in 3,181437
Global PI is 3,141611 | calculated in 2,872487
Global PI is 3,141570 | calculated in 2,641424